Multible size <= 100
TEST 2 ARG:18 84 8 52 59 22 90 87 92 71 43 98 73 15 39 20 44 10 27 89 29 69 68 48 82 2 23 58 83 13 46 53 26 94 40 78 12 3 99 88 54 9 31 25 14 70 75 4 42 56 65 85 72 24 37 41 66 76 77 97 79 28 64 96 47 91 50 55 19 0 57 36 5 61 38 17 80 32 63 49 11 74 16 60 67 95 1 51 34 86 62 81 21 6 35 33 30 93 45 7
TEST 3 ARG:1 98 41 18 77 37 84 82 40 53 74 66 12 27 4 55 95 87 47 85 23 33 43 59 71 48 44 20 49 69 99 32 29 80 81 5 39 11 30 3 17 97 65 83 96 56 92 14 94 67 75 24 15 90 91 19 0 54 45 93 68 57 76 10 61 38 7 35 31 52 22 63 42 64 36 78 8 86 50 25 46 73 28 21 16 13 51 60 2 9 6 26 88 79 34 62 89 70 58 72
TEST 4 ARG:14 22 76 94 79 11 16 85 20 3 59 0 53 56 62 24 8 87 45 83 6 91 58 63 88 40 19 17 96 31 43 82 95 23 64 7 52 84 70 4 60 89 33 51 68 61 78 12 49 72 90 9 21 38 92 74 93 44 39 25 73 98 34 42 41 65 77 67 28 54 50 71 35 36 57 46 5 29 27 75 18 37 26 48 32 66 55 86 99 2 1 13 69 97 47 10 15 80 30 81
TEST 5 ARG:85 84 25 42 12 62 29 7 55 74 6 45 30 87 54 14 69 53 80 40 37 94 22 16 21 81 15 73 0 4 50 24 52 23 92 44 35 20 39 49 33 36 83 72 90 61 67 10 75 71 86 43 31 59 68 99 19 5 60 18 88 38 97 79 70 2 77 51 58 76 28 17 66 64 89 95 26 3 57 11 65 47 82 56 46 93 9 27 34 98 78 41 96 1 63 13 8 48 32 91
TEST 6 ARG:86 41 34 65 98 63 95 10 59 48 35 52 64 6 84 75 33 58 97 13 27 32 60 99 96 89 30 38 83 2 85 43 26 14 31 44 45 8 72 53 51 47 22 62 24 77 12 25 73 55 74 18 92 94 71 80 5 91 46 82 39 16 17 36 1 3 54 87 28 70 42 0 67 29 78 9 40 90 7 76 50 56 69 57 88 81 15 19 37 68 66 20 21 79 93 23 11 4 49 61
TEST 8 ARG:56 88 46 73 97 17 25 86 64 91 28 95 92 79 96 24 39 58 42 76 2 32 62 78 11 21 16 45 99 71 77 67 0 54 30 94 20 98 33 63 51 34 8 27 4 59 40 10 65 84 9 55 3 81 49 80 93 23 69 70 57 89 50 37 61 44 31 22 38 5 35 47 53 19 66 41 15 43 6 13 52 72 36 60 68 48 83 29 87 74 75 7 82 85 14 90 1 12 26 18
TEST 9 ARG:64 98 47 71 58 51 73 86 24 43 83 70 97 45 23 80 30 27 36 35 76 33 46 20 31 37 59 79 69 17 75 41 92 78 94 95 56 84 55 15 28 5 29 11 39 21 44 40 16 88 89 9 49 2 99 82 42 1 6 25 66 93 63 74 13 85 48 22 96 91 67 26 52 62 7 0 72 90 34 68 8 53 3 14 38 12 18 4 77 65 57 32 60 81 87 19 54 10 50 61
TEST 10 ARG:32 48 62 68 15 24 50 92 11 21 44 33 49 84 4 39 43 31 71 78 56 6 46 52 97 28 83 9 14 41 82 27 54 20 61 1 40 91 18 5 12 80 19 75 93 47 88 8 42 30 45 96 94 10 59 57 66 99 23 25 34 67 3 76 86 7 0 87 63 38 89 22 29 77 36 90 16 65 69 72 95 13 58 2 85 64 17 98 35 73 60 26 53 79 70 81 51 37 74 55
TEST 11 ARG:44 11 0 49 55 69 43 27 96 70 84 93 71 79 62 12 35 91 87 78 50 68 95 64 31 65 4 51 48 57 36 37 9 61 42 88 39 83 92 75 7 40 94 41 58 26 14 72 24 13 5 3 33 19 52 21 59 47 81 76 89 23 86 2 10 18 28 45 74 53 20 60 29 54 8 17 82 97 90 98 66 85 46 22 80 56 63 77 15 6 25 34 73 30 1 32 38 16 99 67
TEST 12 ARG:70 50 31 92 27 48 0 19 98 30 9 93 54 16 5 71 41 15 39 20 12 37 63 79 61 36 33 8 43 24 3 66 82 6 67 32 90 84 7 91 65 59 96 53 52 64 47 87 74 18 81 76 83 45 68 58 2 46 88 56 23 80 77 13 95 78 55 62 44 4 28 75 26 60 73 51 69 40 85 22 94 25 97 10 72 17 14 86 35 29 42 57 49 1 11 89 38 21 99 34
TEST 13 ARG:23 98 58 42 21 19 64 88 20 43 47 83 66 3 86 80 92 7 95 38 32 5 52 56 16 35 39 30 10 36 13 50 75 34 8 65 99 2 60 63 55 57 41 59 6 87 54 33 29 69 27 17 11 82 44 22 61 76 37 48 51 81 89 28 68 79 70 24 46 94 45 25 49 90 97 1 26 85 73 31 77 84 15 0 93 9 14 72 96 74 18 91 4 53 62 12 78 67 71 40
TEST 15 ARG:42 20 94 70 76 67 57 60 98 68 18 80 86 47 23 35 36 3 27 95 43 89 15 85 34 51 53 93 22 91 63 87 31 11 84 50 90 75 56 58 17 9 14 12 4 71 79 46 32 30 97 1 26 19 62 61 24 38 66 39 21 2 73 88 65 82 33 54 52 44 45 8 6 7 83 10 37 25 48 0 5 40 41 77 92 69 81 28 13 16 96 99 72 29 74 64 78 59 49 55
TEST 17 ARG:53 42 36 73 96 60 67 58 90 65 22 49 12 5 95 8 18 6 20 74 79 84 62 1 86 64 33 17 51 59 83 80 63 75 91 15 93 47 72 76 4 0 23 29 46 71 69 11 24 88 34 57 38 26 10 87 7 25 48 35 2 14 16 3 97 31 40 82 66 89 85 61 27 54 56 39 44 78 19 28 77 9 70 68 45 30 99 43 37 52 21 13 92 94 41 55 50 81 32 98
TEST 18 ARG:3 78 40 96 33 12 27 59 88 91 53 38 37 8 36 98 61 45 49 7 56 28 95 25 55 11 50 71 17 4 80 60 93 44 39 65 67 34 83 1 23 14 58 31 19 94 79 41 68 86 15 73 97 54 89 24 85 2 10 26 48 32 52 92 22 76 87 72 63 42 74 13 16 62 46 30 75 18 69 84 21 90 99 77 29 5 0 64 51 66 82 9 6 81 47 57 70 20 35 43
TEST 19 ARG:30 82 13 12 9 44 91 22 62 17 16 71 35 53 4 93 25 33 48 21 36 81 60 78 47 57 49 52 76 72 95 40 5 74 20 32 89 51 41 29 37 66 96 42 80 59 19 8 18 84 56 98 97 10 6 45 27 83 15 50 1 3 77 11 69 24 55 2 73 92 65 68 26 99 75 70 28 94 23 79 85 63 90 34 67 38 0 14 39 54 87 7 61 31 86 88 58 64 46 43
Multible size <= 500
TEST 1 ARG:225 233 189 -167 -172 112 59 173 8 218 64 207 -144 214 -26 160 -123 -39 211 -41 73 -176 -129 -79 -171 95 216 -140 -239 -231 169 -35 94 -70 -216 170 -137 117 -48 -149 -145 -120 -153 -119 -36 194 -208 -163 -136 185 -51 40 -6 -64 -91 4 -105 124 -143 119 -246 219 29 -76 239 -93 -159 7 -5 196 224 -150 -30 -19 126 88 21 -9 113 182 87 198 -168 114 -147 33 167 -238 188 -38 -170 -206 -179 -20 -245 84 96 -180 -221 204 45 83 136 140 75 154 14 11 131 -214 81 -200 93 237 106 -12 -110 -63 92 127 54 71 200 132 -49 -89 142 15 227 162 -250 78 247 -130 201 -112 27 161 -17 205 238 168 -148 90 -54 -247 100 197 -52 56 -25 -174 241 -96 -45 -109 -209 -113 -233 -56 -141 -142 195 44 -98 -3 51 -33 -160 230 -224 -122 -44 -154 3 -225 172 108 203 -65 -29 -134 26 97 -100 -2 -31 105 24 240 -78 -24 -222 -81 153 69 77 48 58 149 231 217 -18 60 -215 -97 174 -74 213 -114 76 137 115 -198 -212 -210 2 121 -58 -181 138 -53 17 -57 155 -229 -10 163 -27 -71 147 86 16 -22 -133 37 -128 133 -243 -146 129 98 5 -248 -60 -188 74 -118 242 -16 223 245 243 101 52 -47 -43 -205 -211 -55 -83 -88 -13 179 79 -226 -121 -155 -23 -46 67 120 210 -104 248 232 0 -191 -90 28 19 -82 -11 80 246 -244 -152 -178 41 -125 164 -162 -189 -197 -241 -161 -186 -42 145 -151 181 209 -75 -184 50 39 102 -218 -249 -203 134 -72 107 -106 -173 -190 152 166 -219 150 123 -182 55 9 -164 -240 159 151 -61 -32 -101 -87 244 13 186 63 190 -50 38 -166 -115 222 191 68 178 -158 -177 157 236 215 -157 70 -85 -84 36 175 -34 -103 146 220 -15 -126 -77 187 -28 -99 192 -217 165 57 141 -223 193 -199 -14 -37 -132 -68 -69 -111 249 -1 176 1 35 -237 212 -80 -94 20 235 -7 6 177 -201 34 110 -227 61 -127 46 22 180 -139 -138 -4 104 135 -234 226 -193 234 -187 42 229 -59 184 -213 30 -66 43 -156 -192 171 111 158 49 91 -194 25 -207 148 206 23 66 221 -40 62 85 -220 -95 -185 139 18 32 -117 53 143 -175 -235 -108 -92 -8 -183 -116 199 118 -242 -62 -165 -73 -236 -232 128 125 -21 183 -131 -202 -228 47 31 -107 130 65 -67 99 103 156 -195 10 -230 82 -196 -86 122 208 144 72 -204 12 228 116 89 -135 -169 -102 109 202 -124
TEST 2 ARG:226 235 -98 -101 3 199 167 -170 -139 -131 -19 156 -6 246 -163 211 -84 113 -17 -125 -25 -52 72 -60 180 -89 141 223 -160 163 242 79 146 82 30 61 -36 14 -243 187 43 15 -79 -179 -178 190 -108 -218 9 -48 -109 42 110 27 94 -151 -173 -212 -191 -143 -58 115 55 -157 -200 -176 88 90 -193 120 228 -18 183 -199 -41 -27 205 -74 125 204 127 245 193 134 -239 -204 -70 -29 -156 111 168 198 -149 20 114 -184 -128 -46 -103 39 121 -126 10 25 240 -202 -183 -12 210 68 65 208 -40 227 123 47 50 35 -9 -206 234 -174 -53 -50 154 -175 109 107 -201 174 -250 93 -73 -121 74 -105 62 -37 73 64 -14 -63 58 192 173 237 -238 -68 157 44 -97 117 19 165 16 18 37 224 80 201 104 -140 -90 -15 -2 100 150 -248 195 155 122 -7 92 -67 101 -96 -221 218 -4 12 126 -171 -225 -161 179 60 31 -217 -192 189 -232 229 -167 148 -235 -117 4 200 216 95 175 -5 -233 -99 -83 -82 -188 -93 162 -59 -28 77 36 96 106 -168 244 177 -220 248 169 -3 -51 -227 -185 124 33 103 98 214 48 -110 159 66 78 56 32 54 -147 -146 -78 -165 -8 -159 75 -72 -124 231 222 5 230 -241 215 -22 -106 -154 -130 -34 -127 -69 -10 -47 -213 -246 164 -95 188 -66 221 161 -64 152 -219 63 -122 -13 213 116 -91 239 119 99 26 -104 -119 206 -142 -87 178 191 203 247 -209 -230 -65 -120 128 -30 182 97 -231 -123 13 -81 243 145 185 144 158 -215 28 118 -44 -26 140 -148 241 -177 -240 -49 -207 -24 -164 -42 -172 197 23 89 -55 -244 171 -114 249 105 -189 69 21 151 -94 -223 -198 -132 -11 136 67 -54 -71 143 -75 -166 -249 34 -162 138 238 71 -85 -190 -144 -187 84 131 -20 -111 51 -229 -1 176 -115 -181 -205 160 147 -242 -234 -141 87 -77 -112 -196 -32 -116 184 -195 -16 59 83 194 40 7 202 133 166 -186 139 24 -135 232 217 6 57 -224 220 -80 -33 -102 153 196 -45 91 -23 -107 -182 -136 -35 -237 -62 -247 225 186 -180 -208 130 -129 172 2 -152 -113 49 29 -43 -21 -203 1 76 -61 -226 236 70 102 112 52 -214 22 -39 -228 207 -158 -134 11 -236 38 -100 46 132 -222 -118 -88 -137 -197 41 142 181 219 135 137 -57 -92 -38 -155 -245 45 108 129 212 233 149 -133 -194 -31 85 -210 86 -86 -145 -216 -153 -150 170 -56 81 8 17 53 209 -211 -169 -138 -76 0
TEST 3 ARG:-13 -73 106 71 65 -237 144 -46 181 49 187 -192 -16 -41 238 -140 0 37 -11 223 194 126 233 104 20 13 70 -163 195 -202 -109 -88 -35 158 247 -196 -177 66 110 -6 -165 -111 198 -162 78 -65 188 33 -113 -153 -179 -115 175 228 17 -100 245 82 179 46 63 148 -180 109 -89 101 -5 -235 -34 -98 29 41 -214 196 -215 155 -14 170 -164 -92 -93 18 80 -246 -187 173 207 176 -48 -125 -9 -2 150 202 203 178 -219 146 47 -27 -32 -112 -96 -53 11 240 199 -142 -137 116 2 118 -44 -10 -228 227 235 174 26 -240 232 -206 -66 221 -123 -138 52 64 -106 185 230 211 -229 -81 -239 -218 28 -37 -151 -217 -242 -161 58 -181 -135 243 -12 108 -124 -234 -118 -224 -170 -149 -160 -245 -49 -105 172 167 -147 -29 -120 15 -91 -107 200 -45 132 74 -203 -22 103 -67 156 -82 157 -213 3 91 32 76 184 114 169 125 -83 67 89 107 115 -199 105 213 -178 123 86 16 139 -19 206 -130 -200 -241 231 145 25 119 -74 -15 137 -63 226 141 205 -221 -85 149 -24 -230 -201 -238 61 35 -62 57 -156 -7 -38 111 -173 -25 39 -236 24 -104 212 153 -33 -36 -223 131 -208 6 -57 -154 -227 190 -205 -126 50 -171 239 55 -90 -110 -68 160 189 -204 159 -52 88 122 -51 -84 183 -134 168 27 83 -40 113 -54 161 19 -152 246 5 -132 147 -77 -3 -211 241 -207 -70 96 102 204 99 -59 -72 -185 -80 -159 43 -69 -21 236 22 154 -220 133 92 -4 -139 127 -226 -146 -64 -198 -168 84 209 -183 162 12 -18 -103 177 -87 87 9 -42 242 1 53 75 130 180 -122 -188 164 -193 -114 -78 23 -195 98 10 112 -129 59 62 222 -233 -76 -158 -190 -56 95 -157 -169 -30 -108 -184 -133 229 21 166 68 77 -212 219 38 -175 234 81 214 210 31 -136 151 -182 34 51 69 40 121 -216 249 -131 208 218 124 -191 -39 -1 215 -249 -8 192 -197 -225 -95 136 -61 -186 143 128 217 201 94 -143 -167 244 -47 120 -28 -166 -210 -79 -55 -145 -248 -121 117 171 -155 -102 224 -209 -128 -116 -172 -231 45 142 -26 -23 165 237 138 134 225 100 -71 -97 -99 135 -150 193 191 85 248 -31 197 73 -117 42 30 7 36 14 182 8 -119 -232 44 -17 -101 -127 -58 186 -243 56 48 152 -247 -50 140 -94 216 54 93 -176 90 -144 -141 -174 -194 60 -222 -60 -43 220 163 -189 -148 97 72 -250 129 -20 -75 4 -244 -86 79
TEST 4 ARG:30 -216 213 -161 -192 -142 -32 65 -56 28 -10 -248 235 161 -117 -2 117 -226 -127 177 87 144 241 -175 -65 -168 194 -217 -244 -242 196 -20 -135 -6 220 172 73 229 -57 -4 -203 -138 68 -88 173 -109 75 -44 -178 -141 -131 -163 200 -124 -69 12 -235 101 -153 211 -34 111 -62 185 218 -67 -77 -155 142 138 17 86 -95 95 -21 225 -173 -38 -92 -103 25 74 -245 -12 -120 -113 -132 46 -129 216 63 114 246 103 -70 15 126 -43 171 -204 223 52 -60 -206 -154 84 -177 106 108 162 -237 -201 120 104 206 22 140 -104 199 -209 215 -143 -112 -233 133 -28 -170 -116 -80 -184 180 -231 -49 -15 -200 150 -176 39 -19 -51 -9 10 -18 167 102 -139 203 -54 -23 -157 130 80 139 -144 221 -186 1 -128 192 31 -42 -158 157 -130 -221 45 -164 42 239 33 -37 -236 135 -78 -76 242 35 7 193 160 56 -202 -75 240 152 156 123 -27 -220 13 90 -46 -171 -16 -194 24 -98 -149 -82 -17 121 159 -89 6 174 -210 227 -1 208 -159 50 14 -169 41 -102 -107 9 62 -151 -24 -239 -241 116 155 -187 96 -230 132 247 -55 -111 244 -224 3 -7 -11 -105 -182 67 -232 -223 197 -167 -225 94 16 181 61 -125 134 -212 -118 -183 -59 -63 -228 -26 -207 163 43 -136 23 105 89 230 -106 -79 4 -91 11 -22 -185 204 99 -84 -229 -193 -218 72 209 228 -68 -110 49 -215 -172 -73 107 -219 -165 202 59 -137 136 -250 85 -66 -114 234 8 141 -40 115 131 21 188 164 -96 122 -198 183 129 -99 -180 -90 -191 81 -214 110 0 249 -162 -71 -52 176 18 170 -93 -190 -81 100 -213 175 184 -247 -211 198 19 -30 -174 -140 205 -41 222 -72 78 -195 219 -240 233 146 38 147 55 127 53 -50 -123 -147 -14 -31 238 60 93 -115 210 187 186 -188 -36 -33 32 118 182 137 212 201 79 -121 189 248 97 54 -126 -85 92 -148 -101 243 113 -205 166 -94 29 124 -35 195 207 -122 -146 71 214 -64 -108 -53 148 245 226 -243 165 125 -166 191 34 -156 -152 -150 76 -74 -87 -100 231 -179 27 36 20 109 2 -160 -134 69 98 169 -58 -246 -29 58 83 217 -199 128 237 190 -25 66 179 57 -227 232 -45 -238 51 -119 -97 48 -234 -5 82 -208 168 37 149 -39 -86 151 -196 -13 -249 91 178 77 143 88 -145 40 -48 153 145 154 -222 44 64 -47 -181 5 158 -83 -133 70 224 47 119 -189 236 -3 -197 -61 26 -8 112
TEST 5 ARG:-162 -34 -78 62 -212 -181 -57 -105 -12 -199 178 231 18 -88 -146 -18 132 -46 -158 190 13 -190 -95 233 154 56 123 122 -123 248 94 -152 128 58 134 -131 -31 75 196 -155 243 -79 186 -4 180 143 98 218 31 -17 -218 80 -194 -175 -42 124 227 181 -89 -174 -113 -235 112 -169 -117 -173 -140 -20 238 213 127 206 -114 -186 -156 -73 -164 149 204 -141 -206 203 234 -71 -167 -9 236 115 44 239 159 170 -228 -41 -242 138 9 3 192 -90 79 209 182 -196 27 129 -243 -168 95 -110 223 188 116 97 -237 34 -201 104 -50 47 -92 152 -121 -36 -203 83 -58 -49 -53 -13 -166 150 214 10 -153 -129 -220 198 -154 -118 249 2 49 184 156 67 240 -21 -223 163 -28 -213 54 142 173 -32 -209 -191 -180 -116 -136 195 87 -103 -217 77 46 -65 -111 -80 171 32 -122 96 168 -148 36 229 30 219 23 -238 -68 38 -3 100 135 161 -245 -236 4 -51 40 -179 -72 91 -239 -205 -211 -82 55 -96 197 202 -98 -188 -171 -230 -84 -87 -100 -120 8 137 93 -192 -27 228 -16 113 -101 11 147 59 -91 92 -229 -112 -2 217 194 -19 222 102 125 -5 221 162 244 51 215 246 -33 -248 187 -219 84 242 -137 -38 247 60 167 -134 68 155 -189 -15 -29 33 230 245 224 -93 216 106 183 -104 99 48 237 24 -159 -63 103 15 189 78 20 139 -142 -187 126 -99 70 -207 -202 114 -240 169 -7 -107 88 -160 -109 -124 -61 117 131 50 76 -216 82 86 -37 157 -74 43 120 21 101 121 64 118 -23 -221 -246 22 -55 -75 -45 179 6 -144 111 -86 -130 -11 133 -231 -1 -44 89 136 -128 -172 158 185 140 146 -43 19 160 -147 61 25 -125 -6 -182 -69 1 164 69 -97 -119 -139 57 72 -178 130 174 172 12 119 -200 -204 -59 -56 110 212 193 -208 191 -185 -108 166 -247 35 -132 175 -198 -193 -30 63 -227 5 -157 29 14 -64 -222 -241 71 235 108 -76 -85 105 -14 -249 -184 -94 -225 210 -232 -8 -67 -150 -24 -165 -224 41 176 26 226 85 -163 16 65 39 -135 45 -183 207 -214 232 -22 -52 -226 -127 165 225 -35 66 -161 -106 -170 74 81 -83 -133 241 -54 109 -138 107 -81 -195 144 208 211 201 7 -143 -244 153 -48 90 -115 -66 151 220 -126 177 -60 52 141 -197 199 -210 53 37 205 -26 -40 -149 -39 -234 -177 -70 -25 -102 73 -215 200 -62 -10 -47 0 145 148 -77 28 -145 -176 -151 -250 -233 17 42
TEST 6 ARG:-180 133 -191 -248 -102 146 104 -140 -155 210 -247 -212 -41 -73 -123 -109 -137 111 -234 83 -29 227 182 192 -121 145 -183 -219 68 178 175 -70 -206 212 -2 231 -151 168 -199 -235 -172 -242 -19 148 176 -160 92 2 88 -40 174 -239 -245 -147 31 -131 -117 50 94 -179 -58 -86 203 -215 136 157 207 218 54 -220 115 -24 -181 5 -158 -107 -61 -56 -52 236 -23 77 -177 42 56 198 106 170 -223 172 228 -25 -203 -176 169 -71 211 -36 -48 -94 -164 -18 -217 -146 -80 -213 -101 -82 34 -120 -49 208 249 -50 -39 -11 -130 -231 8 -12 196 -189 15 -194 36 -4 205 220 -188 -96 112 201 191 166 184 70 -250 -170 -30 -168 64 213 -129 187 138 -233 139 -77 -230 10 -195 179 -228 46 -221 130 -66 98 -112 -69 -185 -81 67 59 -45 -74 37 -95 -17 -6 137 -126 161 97 -35 -125 -201 -150 167 21 -85 185 -111 119 -38 51 183 -53 -244 -89 224 -152 17 62 79 107 61 -5 -16 -187 -44 19 45 221 215 -57 131 -144 -3 -132 99 245 -103 101 -237 -227 -32 -178 -9 -205 171 -197 239 125 -79 -156 156 -7 206 118 126 -127 87 -173 181 91 -20 89 80 199 173 -207 132 72 -174 96 -60 -142 55 155 -118 -88 -98 0 -124 247 -138 217 -163 -165 73 134 -64 144 -78 -149 49 86 18 121 3 -113 22 -108 4 12 -31 -193 81 229 209 -84 13 194 147 -46 -225 222 108 -157 -72 24 32 -171 84 149 26 71 200 128 237 78 190 -198 -135 159 -33 -161 28 122 -68 -97 -153 -90 195 1 6 -47 -211 214 44 240 241 43 58 -119 244 -92 53 110 142 -114 123 141 -115 -67 124 29 -196 109 117 158 41 -26 -175 -65 100 -236 20 -93 -240 -63 -222 -83 164 48 -216 193 234 16 -59 160 225 60 -42 82 -145 197 40 233 230 93 163 -134 238 -214 135 140 -243 -22 -106 38 -202 242 105 25 127 -75 -87 -218 -246 180 -105 -167 -166 226 -210 -162 -224 -21 57 219 -148 14 -104 -55 -154 -184 243 143 -136 -110 47 120 -241 90 113 -37 27 -200 -100 204 11 69 -99 -143 -34 -159 177 165 -226 74 33 -232 -190 75 151 186 -229 -76 -139 -62 223 -249 35 -208 -1 116 114 -192 66 153 235 -116 -43 129 -8 -10 -51 154 -133 -13 202 7 -122 30 -209 189 188 152 63 76 -182 103 -169 102 -91 9 95 65 -54 -28 150 52 248 23 -128 -238 232 39 -14 -204 246 216 -27 -141 85 -15 -186 162
TEST 7 ARG:-17 -37 239 -182 19 -135 -79 -199 -163 -29 10 -174 41 70 182 -220 191 178 -167 101 69 227 -145 85 -234 -228 57 -187 34 -4 -56 90 36 43 -216 84 -2 -97 210 238 143 -83 -55 -3 135 18 -180 -177 112 -184 161 207 -89 142 -155 124 55 -112 169 -198 196 44 154 236 50 62 20 -82 -118 148 212 9 -188 202 113 204 -237 -226 65 -54 -241 -27 -84 -133 71 205 172 -58 -57 86 56 -114 219 -88 -78 115 -126 -100 -93 226 -197 -160 -67 67 -222 232 -156 -134 -194 31 243 -81 -207 -232 -128 180 141 150 134 49 -74 -179 233 -101 -219 -171 187 -143 -80 211 -15 -209 223 -72 -42 110 -85 17 127 111 93 -249 -191 -70 -20 89 136 -108 -224 140 181 105 -131 14 -92 -211 152 30 -43 145 108 139 -149 -125 245 -136 102 -31 59 -202 11 -181 130 29 38 184 137 -152 114 39 -164 -19 23 -102 -132 0 58 -170 193 83 168 -172 3 119 6 116 95 171 185 247 -246 92 203 -205 131 123 88 -24 -35 -96 -71 -26 40 162 -111 159 215 -116 235 -104 94 228 222 221 -230 163 129 -250 106 80 -185 -212 7 -157 52 -38 -140 -86 164 -6 91 165 192 -11 -41 -245 25 -147 -107 126 -119 61 -69 63 -14 249 -117 5 -103 -176 237 -144 -244 -25 194 -124 -243 75 175 -158 98 -8 -65 -242 -91 125 -166 -16 45 -47 -148 225 -203 -95 54 -193 96 60 -99 -239 -141 -40 -129 -9 138 104 -123 -161 -195 190 109 -183 -7 16 64 208 -115 -248 -66 15 -168 -238 -231 188 183 97 -39 234 -175 42 -21 32 8 -52 46 87 81 -173 -49 68 37 -204 -51 -1 118 -76 2 -178 -150 220 -159 -227 99 -50 -127 -146 244 51 -190 146 158 166 -105 248 72 -34 197 -235 216 -192 122 -73 128 199 -113 28 78 242 -206 189 144 -215 -94 22 213 -13 156 -87 206 48 -18 74 -217 -120 -130 -32 -68 100 229 241 186 177 1 -153 -63 12 174 -137 26 -229 -106 -48 -233 -151 133 117 82 -46 -36 53 -33 -138 -98 -121 -44 -208 -77 -213 13 -210 155 214 66 -12 -225 132 -61 33 230 198 -60 -23 -162 160 157 -53 77 -200 -201 -59 -240 -22 246 200 107 76 170 147 -186 -75 -110 153 103 -30 -169 -28 173 47 -109 35 4 -122 79 -45 -214 -221 121 27 120 -62 -247 -189 179 -5 -90 218 -10 -64 -139 151 -223 201 24 -142 -165 -236 176 -196 -154 -218 21 240 224 217 167 209 149 73 231 195
TEST 8 ARG:-3 68 -130 -133 105 -25 120 -246 173 180 149 0 41 219 42 -209 85 249 1 -177 240 -169 5 -54 -7 242 160 78 -132 201 114 -20 136 -11 64 130 -225 197 112 -24 80 241 182 -12 -234 13 49 -194 104 -182 -52 175 -166 163 -176 -231 181 -239 194 45 53 23 -109 55 215 -151 -226 32 98 6 25 -88 -117 -185 227 244 22 62 -214 -220 77 -217 -163 -172 -60 -33 72 33 -39 -222 154 83 -191 190 -5 -1 -37 -127 -84 -212 21 204 58 145 26 67 129 -131 -247 9 -27 8 189 -18 63 -23 -107 -40 -83 -47 -199 118 -70 123 -211 -143 -10 -82 17 -100 111 -171 -32 -75 243 -93 -124 -122 46 56 -174 -175 -240 -250 -173 51 206 -149 -205 -58 38 132 218 -81 156 54 97 -152 110 -156 -89 200 124 211 -19 -22 -129 142 -90 226 -55 126 -216 16 -112 89 236 -142 155 -223 231 -65 127 212 102 70 90 -200 -160 -196 -44 128 65 -245 -105 198 238 165 166 -150 -72 167 -128 -153 -203 -145 -154 208 -168 144 -63 -218 148 -165 -71 -148 -179 -138 210 222 121 183 162 161 192 10 52 -79 91 -91 35 -170 96 31 117 116 -59 48 -85 -96 131 157 202 -13 186 -244 -183 -21 169 -9 -2 176 -26 -34 153 76 34 -50 7 61 207 205 -136 -235 174 12 -103 -51 -80 -115 228 196 101 137 -98 234 -125 -230 -193 -248 -219 -14 134 -120 -227 -119 171 119 82 -241 -15 59 43 -28 -201 -188 109 69 -17 -73 188 115 248 -155 184 -74 -86 -237 -144 3 94 4 73 170 -202 178 66 -6 -53 71 -64 -94 40 79 36 -243 -236 224 -181 -104 246 93 220 -42 -61 221 -87 -195 84 -167 -108 -36 -56 179 113 233 -106 -164 239 -204 135 2 139 150 140 24 230 -210 100 -66 -99 191 -92 -43 214 125 -45 -134 86 -16 11 199 -48 141 213 -101 -207 -41 247 75 -118 -139 -113 -213 28 151 103 29 -111 -126 -57 37 74 152 -228 -186 -232 -229 -238 245 -249 -157 -8 -76 81 133 39 229 -114 185 209 -123 172 -35 92 107 122 -242 -206 159 -30 -192 14 -69 146 27 -224 -135 108 138 -110 60 -102 87 -67 -140 18 -137 -158 30 -46 57 -146 225 44 20 -77 235 -147 -208 -121 -29 -31 -161 232 -68 -159 164 217 -233 88 -78 147 47 237 187 -198 15 216 203 -190 -187 193 19 168 -215 223 -97 -178 -49 -116 177 -4 -184 143 106 -189 -95 158 195 50 95 -180 -197 -162 -38 -62 -141 -221 99
TEST 9 ARG:-151 241 132 -211 4 139 -239 119 126 -30 51 247 221 -23 165 -22 -150 203 155 175 96 -172 150 56 154 -107 -198 10 -208 68 -224 -40 -35 148 -135 -201 32 -71 246 -159 63 81 72 174 -27 29 92 3 -152 -99 -148 -247 -240 178 45 -191 209 -113 -33 129 -109 137 -145 49 43 84 44 30 214 245 -133 77 -248 59 -80 -100 158 8 -246 -115 -86 114 244 20 75 2 107 152 -223 -41 -238 33 -216 -87 166 131 64 -182 97 22 88 -120 70 -92 147 -162 -176 -236 227 69 -43 -19 40 23 -98 -196 -206 231 -193 151 -228 102 -244 230 15 90 74 104 -187 -15 58 -59 235 11 -141 -168 -62 125 -194 36 -134 -183 35 -190 -181 212 48 -55 -118 -143 202 -233 42 116 -44 -217 17 239 -108 -180 -218 205 -101 136 -199 101 -132 13 86 141 26 220 133 -131 60 -202 -192 37 -48 222 27 185 -52 200 153 66 122 108 181 -38 -165 -157 143 191 -153 -49 223 80 -234 -147 -142 -26 140 65 -136 -61 176 -75 -70 118 -39 201 99 248 -242 171 -222 -214 -122 -84 -34 224 95 -6 -94 -4 -24 -229 -189 -65 -186 182 -16 -85 173 -96 -138 -3 180 50 -164 94 -178 -137 -42 -170 -74 177 123 -57 -230 237 187 87 109 -204 233 -197 19 12 -160 -219 83 -209 -121 -60 162 -73 145 -72 -203 216 -231 192 -220 47 121 -102 113 142 -32 225 -146 73 -154 28 130 93 -91 167 -77 -63 218 53 71 -177 -8 196 -158 -79 -83 89 186 0 5 -114 124 -2 135 -36 -47 115 -69 6 169 100 -127 -215 110 -163 -250 9 183 21 -249 228 7 146 226 38 -128 -29 128 189 157 91 204 219 -139 -241 -169 242 112 -5 -76 -103 229 -173 82 -54 -179 -104 -212 61 164 -21 54 127 25 -17 199 163 -18 -89 24 -14 14 144 -156 172 -213 -106 -149 41 -155 -225 46 -64 103 -210 -67 -10 179 78 -31 159 -7 206 134 170 232 -111 105 236 240 -130 -167 -235 -53 -129 -93 -125 -66 -200 106 -171 117 67 62 16 217 85 249 188 -46 -112 -144 193 -78 156 161 98 1 34 -226 -97 -237 215 -56 111 207 -221 -207 160 -51 -195 -124 184 238 -20 -95 -123 -205 -50 -245 195 -161 -28 138 197 -184 -11 -188 210 52 -243 -227 76 -9 -232 -90 -116 -105 -25 -45 168 -174 57 -140 79 234 18 120 -68 243 -37 149 -58 -82 190 55 -88 -175 -13 194 -110 -117 -166 -119 -12 198 -81 211 -185 208 39 -1 31 213 -126
TEST 10 ARG:-233 -173 51 87 234 67 -125 -5 136 165 192 -60 20 52 -36 -20 -191 -247 -250 200 -161 -146 -190 -200 205 -180 -249 -241 -124 9 -57 122 58 221 -163 -135 249 133 -47 -222 -177 138 151 188 -21 134 -126 -149 -77 113 72 -128 -217 80 201 -44 88 -93 231 215 73 212 -69 190 -216 208 -199 141 49 -143 -168 -152 196 53 -169 -147 100 -108 -142 -132 -73 -94 -232 -2 -61 -187 8 -145 -166 -137 -182 179 82 37 114 171 120 -246 152 236 -105 174 197 226 -86 -58 -62 -16 182 -214 238 -66 130 17 4 -35 26 56 128 -195 -123 112 -22 -4 33 91 175 -197 -227 121 31 -212 28 64 85 -7 -55 142 -178 -155 -72 -114 164 -122 -244 -127 198 -237 223 76 -140 -181 78 47 74 -8 -116 189 -208 143 -46 77 94 195 -130 -10 97 -119 65 14 135 -14 218 -52 126 -164 -139 -98 103 194 248 -176 116 -218 -91 95 -11 -103 -209 -242 147 -113 18 66 239 -26 235 -17 54 -167 -82 23 246 209 -70 2 216 -159 -78 21 102 245 172 -85 -225 227 -12 243 -102 32 -170 187 214 124 11 211 -111 -104 186 38 44 229 140 -42 -157 19 -56 -240 220 191 -33 25 -37 -68 -204 177 -231 -175 -13 167 107 160 -245 -151 84 233 -89 -220 -150 -65 -112 184 -153 -38 106 137 132 161 -75 139 -3 166 -97 -120 -49 154 -219 99 -185 0 -136 -196 203 -110 60 -148 131 43 -27 96 241 48 -160 -39 170 -51 75 92 155 86 -106 -88 -100 146 -95 217 57 240 -156 -138 42 -92 12 -121 -194 -84 158 22 27 144 -96 232 -201 193 -213 -64 90 -183 59 -206 -186 105 125 -50 -179 -238 -6 3 -236 -48 -223 -31 210 -107 35 -45 -215 -202 244 118 39 237 -207 -205 213 -34 -172 63 -141 -32 70 68 247 -53 62 222 16 110 24 -165 -234 40 -67 150 71 50 -80 41 69 129 46 -230 -129 -229 -239 -83 115 149 -74 -41 207 -90 -211 10 -19 93 -198 -184 -63 -243 178 202 29 34 83 -28 -154 -59 30 -189 -99 225 -30 -133 89 -224 -193 108 7 180 -188 230 224 -109 206 81 15 36 -1 -87 153 163 101 111 -248 -158 219 -131 199 228 -118 156 -226 -117 -228 61 204 55 -115 157 145 -76 -9 104 117 159 127 173 6 1 -23 -40 -54 -29 45 242 98 185 -81 -134 148 -162 -171 5 -203 -144 119 -174 -79 109 -43 -71 79 176 -221 -24 183 181 -235 168 -18 -192 13 -101 -210 -25 -15 169 123 162
TEST 11 ARG:234 37 13 212 -148 101 202 119 -183 67 157 -118 -80 85 220 31 54 10 73 249 -56 -201 -214 -167 141 -14 -96 246 -178 6 69 43 -188 229 105 60 -110 -223 112 20 -39 209 192 -97 -162 3 117 9 -198 132 -128 -186 -175 -23 166 41 18 134 -238 51 -123 33 -146 194 145 128 99 -153 24 -45 -89 181 -190 183 -68 25 244 -163 48 -48 -125 -151 -102 140 -19 -22 178 -114 215 27 124 156 19 213 -2 36 -27 -104 -192 107 38 150 198 -231 -50 -184 79 195 -140 142 -145 -115 139 -98 -29 222 -20 -179 -124 -209 184 -111 -248 120 -122 -3 -95 171 -57 148 155 -31 -85 -176 -152 46 214 89 241 1 239 189 35 235 65 167 -79 -215 49 77 14 -100 -90 -72 196 -158 -8 84 -54 131 63 133 -7 74 -1 236 -53 -218 -134 -69 -106 103 -86 106 64 92 -82 232 22 -169 -84 -200 -193 170 248 -38 -187 42 -11 147 -191 96 -34 -36 154 -103 28 61 47 153 130 55 83 70 223 185 165 203 207 -205 159 -138 -227 168 -92 -62 -5 -143 -141 242 233 -77 -41 -10 206 -107 17 -204 -24 -81 -172 -74 91 -75 225 -108 247 -165 126 -213 0 -206 138 125 -78 199 -150 -168 -66 104 -12 137 218 113 -21 243 237 -230 -196 186 230 -182 -203 -13 114 201 -185 12 217 5 98 4 40 135 80 -180 -136 45 88 -177 -126 -170 -9 -197 -221 136 -161 204 62 -249 -129 -133 -112 81 30 227 224 78 149 2 -117 8 -156 -199 44 -237 -217 -173 52 -224 -49 -171 23 -240 180 -58 231 -202 190 187 210 -99 -73 58 -212 -211 121 -181 16 -220 191 -35 -119 164 127 -208 -61 -33 -70 -164 -139 151 -243 86 205 -157 115 226 176 -18 144 238 -135 -65 -147 -94 -113 -91 -130 109 29 188 -93 -229 -207 34 -46 221 -210 -121 118 -105 -87 32 66 -232 123 110 240 216 200 -132 -155 -30 -194 26 -195 72 -52 -149 219 182 -242 -88 53 -131 82 -226 -37 -83 11 97 -189 -160 122 87 177 -142 -6 160 -109 -26 108 21 100 -120 158 162 7 -51 -116 -25 -235 169 15 -222 -17 90 116 152 -245 -246 245 95 161 174 -166 211 228 -241 -234 -32 -71 102 -63 173 68 -244 57 -64 -144 -101 111 -44 75 -59 56 179 -127 208 -236 193 -47 94 -216 129 -239 -40 146 93 -60 -225 71 -137 -4 -76 -154 -42 172 -67 197 -159 -233 -174 -219 -43 175 -228 -16 143 -247 59 76 39 -55 163 -250 50 -15 -28
TEST 12 ARG:130 -225 -47 180 237 103 17 235 -17 -148 -249 -25 233 -190 40 -123 -108 49 14 114 -67 199 -167 -185 150 -49 209 24 44 157 -125 238 37 -151 -113 184 126 -41 65 239 -55 216 29 -137 122 -205 -124 -43 155 26 183 214 -26 -90 -152 -201 10 151 -219 -234 -250 -13 -182 -226 176 88 -39 96 147 -116 42 119 108 195 55 28 -101 165 -246 -65 -91 75 -216 112 121 -247 -227 134 -176 194 -61 181 -46 -118 -198 13 -16 -195 -212 107 -33 -86 -23 -217 -188 89 -97 -135 -244 -38 -230 -221 27 -213 198 -40 207 100 -6 201 139 248 -84 -141 94 -104 90 -59 -164 -184 -117 166 -34 -3 69 -111 182 -106 210 -194 156 -64 -242 -58 -105 -76 -189 249 192 -4 175 -179 -107 18 -37 -136 47 208 -103 110 244 78 187 -147 43 -181 -171 205 -2 -53 -132 -134 -96 -154 -208 -180 -166 -183 -54 170 -174 115 -158 0 225 22 144 77 45 -170 66 177 25 -140 118 234 -143 -72 -36 -197 123 169 217 -165 -94 -22 -211 162 30 203 36 -71 204 -5 154 -75 120 -196 7 163 59 72 74 -156 228 -245 91 -241 -85 242 -163 -77 190 174 15 -20 -99 116 -222 113 206 140 128 2 173 -60 34 41 82 92 76 117 -81 -70 21 -162 -240 125 224 9 -153 222 -69 106 227 219 231 197 98 -18 -63 23 -159 46 -243 124 -145 -228 220 3 -169 -206 138 -231 -149 -168 -161 -192 -14 -214 -74 -150 70 52 -155 56 35 240 -42 185 -224 -142 102 143 68 -29 127 -83 -233 6 -114 -218 -235 31 12 -102 148 179 -120 -239 137 -133 158 86 -130 -144 -57 95 -146 172 -129 136 -79 -45 152 67 -232 33 62 -52 -112 159 -127 -51 133 16 -9 171 99 -48 -202 -131 241 -100 -73 229 -209 -236 39 -203 104 -215 -126 145 53 63 146 79 196 111 -78 -207 178 5 -50 160 48 32 -186 19 -7 132 61 97 226 -24 246 -177 -1 93 218 191 4 230 202 142 161 60 54 51 -88 -109 -87 212 -12 38 167 188 -27 58 -229 -187 -223 131 -92 -122 -35 101 -62 213 -98 -178 11 186 -10 -110 -191 -44 -15 -175 -204 109 -160 215 168 -66 -119 223 -80 200 -238 -89 84 64 -93 8 -199 -248 80 211 -19 -30 -95 -56 85 247 -139 141 -173 -115 -28 232 -193 164 -172 135 -157 73 -210 -21 -237 149 -68 243 193 83 -200 -220 50 236 71 -31 81 -128 -82 129 -138 -32 1 221 245 105 87 57 -121 189 -8 153 20 -11
TEST 13 ARG:161 -43 2 -85 -96 245 -230 -32 -1 167 -148 -63 92 182 -199 109 -5 174 -138 5 197 9 63 34 57 -226 -111 46 -235 121 -155 159 10 -118 -238 -140 -214 -58 70 13 101 -54 -189 -89 -124 16 -169 -70 149 218 141 -91 -125 215 164 -218 -2 -121 36 154 -151 -201 237 103 87 192 -26 -80 -168 169 -18 -130 196 -211 -210 221 -60 41 17 -180 -206 188 102 -35 129 72 54 -113 -232 23 -31 -237 156 -7 208 181 -110 -160 -161 115 33 -81 -247 -240 229 -24 -40 -182 -66 6 -150 -231 -186 81 50 180 -223 -34 163 190 8 117 119 -190 227 220 -185 -221 118 131 3 98 195 -8 203 -225 -4 160 -202 -50 -51 -13 -183 68 -129 128 -104 185 -30 -147 -126 -146 -101 106 -46 -22 202 -109 -141 158 -192 171 62 59 204 -137 -74 239 199 -42 -21 -122 179 53 -229 -195 -53 -17 112 -244 35 173 135 -134 -200 240 -233 -153 -82 -103 -158 138 -143 -114 132 248 84 -216 150 -179 -198 40 -181 26 147 178 56 -224 -16 211 -79 -45 -176 -159 247 11 -188 108 -142 140 -69 -87 189 177 244 22 246 152 58 -23 71 -38 -112 47 -136 -71 116 -47 -239 -94 -48 -156 76 80 -245 175 67 -133 7 -227 213 30 -139 198 48 19 -3 90 -6 -106 -191 212 155 -61 -135 -234 136 -194 -65 65 69 120 -93 -73 162 -152 -123 183 -167 -212 -72 -163 -184 105 37 201 -246 -219 27 15 -86 74 -242 -248 -157 232 228 -173 -128 -205 -10 -15 -84 -100 122 -196 91 -117 194 32 -44 137 14 -220 29 -9 -203 -19 -67 100 -171 -207 224 18 184 124 -149 97 -249 -131 200 4 -77 -174 241 -27 107 -55 242 39 219 73 193 89 206 217 -92 187 94 38 -162 -145 28 21 210 52 238 -12 -127 170 -119 44 -177 -228 -41 -222 95 77 24 -14 93 78 -178 -241 226 -59 111 88 -213 -105 -76 -236 249 42 125 -193 148 214 -39 -107 191 144 -208 -56 113 25 60 -154 -197 85 20 153 86 -64 -144 -52 -99 231 209 55 0 -172 -37 166 151 -97 12 243 -49 -132 -28 -29 157 104 110 99 142 -78 -215 -98 61 -120 -62 -116 -57 233 83 223 130 -187 -217 -95 139 -33 82 -204 145 -175 -164 176 146 234 123 -20 75 96 -68 230 114 49 -36 236 225 134 -88 -108 127 186 133 -75 64 168 31 66 205 222 -83 -90 -25 79 -250 1 45 -115 216 -11 172 -170 -243 165 51 143 -209 -165 207 235 126 -166 43 -102
TEST 14 ARG:16 155 -148 242 -201 165 32 110 -99 -105 37 -95 -159 112 63 -59 241 92 122 31 -186 -114 -237 203 117 218 -182 10 -102 71 226 58 219 -123 -124 25 102 64 34 167 -239 45 -205 -43 210 -190 21 -89 -2 -117 39 -28 138 227 -84 -196 150 -179 -36 211 215 195 -35 214 4 -22 114 43 103 -76 201 111 -138 166 220 -244 -58 240 65 225 69 83 -194 -202 -74 -107 68 -29 145 171 116 90 -149 62 217 29 191 -48 66 186 176 124 212 -4 13 187 -189 -11 132 159 109 -109 248 139 -83 101 149 15 -128 235 222 87 -136 204 -113 162 5 105 -116 -120 -140 -75 -45 223 141 -212 104 143 -147 77 -171 207 -53 -37 -130 72 18 1 -30 53 -52 140 2 -46 -176 -49 59 -229 -238 157 -88 -5 -17 178 -231 238 169 -13 153 -118 49 -211 91 -165 94 6 221 86 -150 84 -129 41 148 97 -247 -170 -226 184 60 57 -213 -216 234 -145 216 -243 -160 243 197 11 54 185 158 -50 -135 -158 115 233 -54 -173 142 -71 12 -225 246 -121 -195 106 130 -125 -103 -31 193 -72 33 -93 -246 52 232 -172 -25 126 -91 -111 20 -234 -250 -63 113 -131 47 -39 -87 -108 -191 26 -232 -162 24 -248 -180 188 70 -41 -126 17 -78 -204 -80 127 -65 -178 179 93 -220 -169 -40 228 -214 151 -73 229 125 -184 -208 128 194 -27 -236 80 -55 -156 22 108 73 -23 -110 -163 181 -167 183 -34 -228 133 164 40 42 -153 -200 224 -26 -57 239 -67 -62 244 -210 -51 173 -9 -146 -166 -20 -15 168 -177 -101 74 -242 208 -174 -142 36 161 -33 180 -44 -21 107 -137 249 -64 160 -235 175 136 89 -19 -97 -47 -8 -227 28 35 120 0 -245 -90 8 152 -86 95 147 -12 -6 213 231 174 67 189 61 -230 -221 -85 247 -209 -66 170 -70 -94 -98 82 -192 -127 200 75 -32 7 50 177 -183 -188 163 -133 144 -222 -203 79 -217 -122 -77 38 -157 19 -154 51 -132 -60 3 -18 -38 -3 -115 135 -223 98 134 -119 -161 236 100 81 85 -82 205 78 129 96 146 14 55 99 -141 123 -233 -139 121 237 56 -199 -24 -106 -187 190 -185 119 -241 27 -206 -207 198 -61 -152 230 -193 -134 206 118 -224 199 245 -197 -16 -181 -218 -100 -168 -69 9 -151 48 -56 -155 44 -7 192 -42 202 -68 88 182 -198 76 -81 -175 172 -240 -104 46 -215 196 -14 137 -96 154 -112 -144 -164 -143 -249 -219 209 -10 -79 30 156 131 23 -92 -1
TEST 15 ARG:181 -9 148 -113 -99 168 203 77 17 114 -16 -177 4 189 191 -176 -135 152 211 143 -229 28 -119 -173 212 78 -157 -227 -90 -188 -236 226 9 -51 -167 -128 187 158 201 -79 164 198 23 127 -133 -207 -23 -137 2 93 -67 83 200 46 -191 19 233 -108 157 59 -210 -163 -183 173 -125 -208 34 -93 105 -36 188 25 183 21 -83 -39 245 -161 163 43 -101 -129 48 174 76 -250 120 -121 62 -241 41 -144 -215 51 -49 243 -54 214 31 -237 159 125 -174 107 -126 -65 239 140 154 -202 101 -141 -204 123 -212 223 217 80 244 37 81 50 -203 240 -120 12 -145 216 185 -71 -84 -232 -55 -228 92 10 18 13 -190 0 118 -178 -74 171 -88 97 -148 228 -13 -34 142 113 44 -86 -40 90 30 56 195 -58 234 -56 -94 -134 -130 153 -193 -225 -221 108 36 16 179 -107 110 147 106 49 169 -249 -213 175 -3 -10 -27 39 -112 -37 -200 210 249 -11 208 165 -242 -111 135 14 -41 -82 72 215 -15 -100 178 -1 -239 -138 -248 -81 -140 104 112 57 -180 205 -17 193 -201 -12 -160 -243 66 79 65 60 116 -73 199 124 -59 -38 -64 149 24 177 241 115 -14 -33 -171 -69 86 85 -118 -96 -26 -102 67 73 -142 -158 -175 -226 -68 -124 -106 68 -164 -5 -85 70 -32 -247 232 138 -70 -219 84 -115 190 -209 -117 -29 139 222 61 162 128 -181 247 -110 96 -72 5 186 29 -77 -187 -154 -114 -195 -47 248 -152 -172 -31 15 95 -199 -98 -240 -218 26 6 98 109 -234 -80 -132 -53 -66 161 -139 69 126 -95 -230 45 100 -156 -109 -185 129 52 -192 -60 1 63 -116 -123 -165 -179 204 35 235 160 144 11 -166 111 -170 91 75 145 246 -21 -57 -42 47 54 89 -28 -194 -146 88 -45 40 155 7 -206 220 -216 -87 -35 192 151 55 -24 -22 3 184 166 -46 229 32 -136 150 33 -224 -78 238 -61 -127 -223 -20 131 -105 -25 102 218 103 58 87 -186 -92 -217 -75 64 -151 -43 227 167 -155 38 -52 -245 206 -44 207 242 -143 99 -30 141 -184 8 -104 -182 136 -168 -76 -6 42 230 170 22 -7 -150 -244 -159 94 -231 -97 122 -205 196 -131 -153 134 -147 225 209 -89 224 -189 -220 -162 71 133 27 132 -214 -8 180 -103 -235 130 197 -62 137 237 121 -198 -196 176 82 202 -91 -246 -63 -2 -50 221 117 182 219 -149 213 236 146 53 -197 119 194 -18 -122 156 -233 -48 -169 231 -4 -222 172 -19 74 20 -238 -211
TEST 16 ARG:204 -98 145 -4 99 -210 -206 -180 57 -59 -7 31 -114 -82 35 -193 -142 3 37 200 223 -186 -201 -207 65 -216 -37 47 -80 15 -232 -176 11 -229 33 13 45 -246 71 -238 -77 -101 104 76 -109 114 -157 60 143 154 94 -203 -111 107 127 101 -65 130 -150 217 10 -100 -58 -167 -154 117 181 133 -194 241 175 28 -188 218 -22 -200 5 -172 -162 -131 -204 17 40 -245 182 -95 -97 18 -220 -66 -94 -69 238 190 -132 -99 -149 -71 -128 -56 -198 131 -83 121 -25 233 -61 119 -68 -96 -175 -8 -67 -20 -187 -23 -112 134 206 -19 -146 -156 -160 215 116 220 92 -26 -48 -121 75 77 151 82 43 -239 -168 -225 -177 -87 -249 38 -28 244 -136 -240 64 153 128 192 81 -250 -144 202 -75 36 207 242 214 199 164 -243 158 -223 110 63 -158 23 -107 74 -227 248 -192 229 147 -53 187 179 141 79 -138 146 -199 42 -73 222 195 -164 -47 -105 213 -159 184 8 -118 0 185 -6 -17 -52 70 -29 245 -89 26 169 -46 193 209 -235 247 165 48 140 189 118 198 25 -133 137 -237 216 -202 7 -110 -148 -13 168 -141 49 234 135 228 186 86 56 -79 83 144 -72 176 106 -31 39 -12 68 -189 6 20 98 126 163 -241 -119 -120 -63 -123 -209 232 89 90 -178 166 -196 111 159 -195 -30 227 236 201 -179 102 -248 -155 188 -14 142 66 197 22 -130 170 136 87 61 -93 59 -45 -15 -152 123 54 72 -34 -217 -88 -173 210 84 196 -129 -49 -40 -234 -191 208 -230 124 24 120 -145 34 69 30 -125 2 -86 -174 125 88 -222 -21 -137 -74 138 21 -16 115 -147 -190 -117 -90 203 178 -208 -115 -231 225 96 100 -39 51 -27 112 -224 194 -127 246 237 -126 -36 109 -9 -242 156 -197 174 -62 183 105 150 122 221 -24 157 -244 44 -226 -84 14 1 85 -233 160 -108 -78 -92 53 -228 162 249 -76 27 -32 149 177 103 -44 -50 62 50 -215 -221 132 67 -1 -102 -153 173 240 73 -219 180 -163 -51 -57 -103 -247 -91 52 -170 80 205 58 -134 91 152 19 55 12 167 -55 -161 -106 129 161 -104 -143 4 -81 46 -139 113 235 -41 212 78 -165 -33 226 -42 108 41 148 -38 -140 231 230 211 -122 -205 191 -211 -64 -54 -213 219 -60 -18 239 -185 -171 -70 -218 171 -113 -116 -151 -169 243 -214 -184 -2 -135 -43 95 -212 -236 9 97 32 -183 -35 -10 -3 16 -182 139 224 -11 93 -5 172 29 155 -181 -124 -85 -166
TEST 17 ARG:139 -111 79 -20 -157 119 67 29 189 -184 -195 191 141 -178 -211 126 -49 235 242 61 241 -98 -246 -60 53 -238 -1 -177 59 -148 -234 92 158 93 -230 232 -123 134 28 -137 -25 128 41 224 -250 121 -172 -7 -210 -53 105 174 -73 -40 5 133 -22 193 70 78 209 166 -29 4 99 21 -192 98 -140 -138 167 -85 19 -231 200 66 -196 231 116 -97 -79 -77 10 -201 -229 -167 -160 208 -185 140 -109 -47 -93 222 108 248 236 240 125 230 -212 -179 -155 217 -72 -38 185 -232 -158 -42 -206 -150 82 94 228 118 100 -170 -218 188 -221 -175 -15 183 122 207 -154 -249 13 -64 81 -173 -124 -11 178 135 181 -36 149 -146 156 97 34 -224 -113 -61 197 -128 74 153 -17 196 127 246 91 -33 148 206 -45 32 -122 223 63 -9 96 204 -245 -74 -241 -233 -143 -95 -183 184 22 111 214 -2 87 -96 -161 39 -4 124 -126 -222 138 151 233 -48 -75 77 -83 72 -136 80 -119 -186 -133 -5 27 -208 163 -144 192 -31 180 221 -88 -90 -106 -82 -6 146 -142 -207 164 -139 145 -91 -26 60 -202 -70 -193 198 -163 -204 -223 159 -176 58 35 -80 152 -52 -180 30 -152 -188 -110 -62 -32 -189 17 64 -99 225 -57 -239 20 195 -205 -21 -16 16 -219 129 -116 213 -237 -247 -50 6 -87 -225 25 -14 36 -214 211 -24 2 -107 -55 33 137 -174 117 -105 -19 -3 210 -240 85 -121 220 171 -131 -94 157 -18 -114 -104 -58 56 -235 107 165 -132 3 243 -243 -51 -118 76 -117 -159 -151 -162 175 -153 247 194 169 110 102 168 106 -120 109 101 -236 44 -203 227 147 -81 -103 -226 88 -130 7 -127 -134 89 57 136 -28 14 226 -34 -71 130 173 1 -216 52 -13 245 160 104 -39 123 120 42 -228 18 212 83 143 -217 229 -187 40 201 90 75 -213 177 103 155 -135 -190 -69 114 199 45 -89 49 150 -194 -43 -191 -149 -220 62 205 23 -169 15 -197 -112 244 65 68 -65 115 -244 95 -102 162 -108 84 -164 -182 86 176 -165 161 -23 38 -35 -41 234 71 69 154 144 249 -37 50 215 -115 -199 -156 -168 -54 -8 -171 -101 172 -166 218 -59 202 73 37 186 -129 54 237 238 187 -44 -209 -215 -84 12 -12 -68 43 -227 11 24 -100 -248 -56 47 -66 170 -76 -67 -86 46 -181 239 9 182 0 -63 -125 -145 131 -78 190 -46 -147 48 -27 -200 -30 31 203 -242 -10 -92 112 55 -198 142 26 216 179 132 51 8 -141 113 219
TEST 18 ARG:-249 167 159 -109 17 32 23 31 -221 15 66 245 91 196 -186 -49 16 -124 -168 209 -162 173 -146 171 219 121 -214 -26 -229 43 -165 12 -144 -237 114 215 -67 -104 -147 146 -149 -115 4 180 2 -3 -78 218 -64 -123 165 75 -16 -56 -217 113 -128 -19 -63 -116 -54 -73 -34 27 236 247 56 213 28 -7 -79 104 -194 179 128 -47 55 138 61 -192 -241 84 203 234 -92 109 192 95 175 -68 -161 222 -142 -166 -185 -153 -232 -230 140 -126 -209 -52 -125 -35 -118 141 158 -215 -208 -176 -163 193 139 -93 160 100 -88 -150 94 58 -239 -156 -195 -33 36 -170 116 -158 208 -187 -11 223 -44 206 -172 1 -164 -96 22 -238 -45 -4 -178 -53 -22 126 20 132 -129 210 144 -219 87 -189 119 85 -10 230 0 -39 -236 -120 86 162 69 -50 189 169 -234 -179 -97 18 53 201 -134 83 224 -18 233 -98 -9 -250 194 164 118 25 -91 -140 143 97 -31 -57 111 -111 60 -82 57 -191 176 -119 -1 117 237 202 -29 -81 186 -46 -114 13 -37 45 -196 -90 -169 -218 120 106 -85 74 150 -102 -138 -246 38 -60 103 -233 -151 77 -23 130 -180 151 231 19 -248 -99 -36 112 131 110 -131 -197 -201 -155 232 -181 -107 -110 -28 62 -175 249 101 -136 246 46 136 34 228 40 -135 172 -122 -55 174 44 47 -132 122 -101 -51 155 108 -75 -223 -5 -14 170 11 -2 10 81 -127 -105 -171 191 154 -240 -61 63 -12 -231 166 -198 216 115 188 -160 -80 195 -211 -222 96 135 -243 71 -206 163 -74 -21 -141 -199 99 221 35 -59 80 242 92 -183 -72 5 30 -133 217 197 161 227 127 -62 98 93 129 -69 229 -24 9 182 67 -48 -173 -182 -154 168 137 -8 107 50 207 48 26 14 -13 -188 33 -244 -66 -226 -43 149 -70 -190 -145 -117 178 212 -245 239 156 -112 134 -130 -143 142 -157 211 -25 -220 52 243 244 -113 29 220 41 -27 -103 248 54 90 -65 183 -247 73 -227 214 238 -177 -203 152 -58 145 -106 -200 184 241 -76 76 70 -202 -174 -38 -225 -94 7 42 235 148 79 -42 147 -235 -207 -20 89 6 187 37 -152 -100 -108 133 78 -204 64 -77 65 177 -83 -184 226 -87 225 72 190 -95 -159 -30 102 -86 -167 -148 204 -212 200 -15 39 185 49 -216 205 198 51 124 -41 88 -242 82 -40 -32 -205 3 68 240 -84 -137 -193 21 -71 125 181 153 -6 -213 -121 105 -210 157 -139 -224 -89 59 123 24 -17 8 199 -228
TEST 19 ARG:60 -87 -79 -249 -236 198 -216 183 109 106 -102 121 -92 52 -248 71 162 -39 213 -99 158 -60 227 -38 -182 -144 -143 43 -67 94 -3 67 245 -113 -123 35 163 165 51 16 -18 -170 -219 -223 -70 -165 -124 -167 -50 -142 8 -76 228 -185 -146 -155 125 78 48 148 -151 -210 203 45 76 -241 39 111 182 187 20 -220 -115 57 -120 -69 138 -4 87 210 24 -17 69 90 226 191 -88 -82 99 -63 -84 172 42 246 -11 -77 -152 91 243 -173 10 136 -54 -140 81 -189 -224 -95 114 -111 237 -101 -46 -215 211 -21 21 -72 -118 -233 179 -244 -96 -208 -134 -85 -246 -225 102 112 -156 -83 50 -200 -180 206 152 77 80 129 -205 -237 -57 196 -193 192 -131 -166 242 -22 -176 170 18 -127 -172 47 157 135 41 -42 -65 -178 30 53 82 174 -49 240 72 89 144 -114 120 70 -228 -9 -23 -58 97 -29 -229 -28 -138 -109 189 209 -74 -201 29 130 31 223 221 247 -116 160 -188 -211 15 133 -47 37 -187 79 56 -231 105 178 -150 32 -68 74 62 -240 -66 -104 216 108 107 190 119 101 142 61 -103 63 229 215 -117 113 -51 249 -128 233 164 3 -97 205 40 104 -125 73 -247 22 156 219 128 146 126 26 -71 193 -8 -64 145 -213 -61 177 230 117 -19 -12 -119 -206 -161 92 59 -160 140 -136 -25 -107 5 -179 -141 -73 184 236 -41 -186 -217 58 96 -154 88 -177 139 115 222 -148 6 244 197 155 -239 -10 -48 171 84 -243 -202 116 9 176 -27 -157 -32 -147 137 -53 28 -222 86 -190 -129 204 -139 154 36 186 -126 -35 -164 7 -168 -62 68 167 -204 149 -106 -20 185 150 224 151 65 -234 -24 -199 -207 -197 -86 100 103 194 239 -55 -94 -192 -183 217 -232 -250 -81 208 -163 -209 -105 -191 110 -16 -214 118 -5 -75 55 13 235 54 -135 -194 147 -91 66 225 -245 -221 143 -171 132 64 166 34 207 -174 14 201 -132 199 214 181 -59 2 -203 218 -31 17 123 -6 -1 -137 -181 75 -43 -56 -175 12 -226 -145 -238 -159 85 241 -112 -90 -52 248 -242 195 -149 44 -130 -36 168 -44 -184 -80 175 -40 83 -218 -100 -30 234 -195 -14 -108 169 122 180 238 141 0 -158 27 153 25 -122 -89 231 -162 46 1 -45 212 33 98 124 159 -227 161 134 -33 -34 173 -37 -133 19 232 93 -15 -212 127 -26 11 131 -153 -235 -7 -230 -98 -196 188 200 -93 38 23 -198 202 -110 -13 -169 220 -2 4 49 -78 -121 95
TEST 20 ARG:-235 38 -1 112 44 5 109 235 175 79 190 -148 -223 -197 -98 -241 159 210 -121 -79 -82 -76 -140 232 215 -225 66 -37 -194 -106 -139 -11 -218 55 225 158 140 -19 -61 -233 -3 57 -221 237 -159 95 -31 141 72 116 39 -168 145 130 245 212 -141 0 -43 -71 94 30 56 162 -20 -111 -4 -248 -30 -116 122 -174 -204 -135 -122 -240 216 244 -35 -222 -65 246 157 -195 -125 75 144 -179 78 150 -216 -209 125 -88 192 182 -234 83 -114 59 -130 -49 -236 -244 -40 156 87 -48 -151 -5 -199 229 147 -60 96 -249 230 165 -201 129 -75 -207 -231 -47 -164 29 -113 -90 99 -81 11 -115 -190 -70 221 67 146 -137 84 69 -67 101 -55 41 -212 -104 51 -73 42 -191 86 -36 -227 90 -109 -2 160 36 179 168 -169 132 60 -186 -192 206 -147 201 28 -117 -57 -127 -94 -128 195 223 105 -41 -172 203 -188 -226 136 -224 188 12 97 6 106 -208 58 -66 -158 -239 119 -45 196 143 -145 236 -103 68 118 176 205 62 3 186 -215 -214 -210 -250 102 -22 -87 121 -26 -28 -193 154 126 185 213 199 76 -23 -100 -18 -112 4 219 -242 -157 2 -163 -120 89 -51 -133 -102 107 173 91 -96 163 -219 -229 -237 -86 48 -63 10 33 100 117 123 -232 49 164 -220 -78 -91 21 -155 227 217 -54 -33 -93 -134 -25 239 247 -156 65 93 -34 -245 9 -243 35 80 110 88 -184 211 82 209 200 31 -149 233 54 -68 -118 13 -95 -44 -154 18 -84 -83 133 22 142 -72 -21 -143 -177 -24 -126 137 50 17 -107 43 -108 222 16 74 208 -170 -198 234 -167 -175 -62 45 -213 -166 -32 243 -80 -173 63 53 -6 70 1 -15 -136 -152 172 -176 -69 124 -89 -92 -146 15 131 226 197 148 -211 248 187 -77 -181 -8 120 170 152 -42 -74 -150 -230 184 27 180 61 134 -39 -17 228 -53 -59 -97 -138 -9 -180 -105 240 139 155 198 25 -99 -183 52 -189 149 -196 -58 189 231 -131 169 177 46 103 181 19 135 -110 214 -129 104 -46 47 -187 193 114 207 115 8 -185 -50 -238 -247 -14 -16 -38 7 108 -200 -246 23 -52 -119 153 -27 -144 161 224 -171 32 -153 238 64 -13 194 -160 -123 -162 -56 26 98 128 -10 85 -101 -205 204 -142 -182 113 241 -161 -217 -202 -85 -165 24 81 -64 20 37 174 166 -206 220 77 -203 171 167 -29 71 34 138 -124 -7 191 -132 14 151 242 178 -228 92 111 -12 249 183 40 -178 218 202 127 73
All size test
OK
